    0/59   4374/4374    0.0656     0.008     0.879      3.28      4.24       220       352     0.0579     0.0919     0.0295     0.0541       2.11
    1/59   4374/4374    0.0494   0.00429     0.136      1.74      1.93       226       352     0.0645      0.147     0.0466     0.0791       1.77
    2/59   4374/4374    0.0449   0.00382     0.121      1.54      1.71       241       352     0.0598       0.18     0.0651     0.0789       1.62
    3/59   4374/4374     0.042   0.00355     0.113      1.44       1.6       198       352     0.0829      0.187     0.0732      0.103       1.52
    4/59   4374/4374    0.0402   0.00336     0.108      1.36      1.51       233       352     0.0881        0.2     0.0877      0.115       1.44
    5/59   4374/4374    0.0388   0.00323     0.103       1.3      1.44       176       352     0.0869       0.22     0.0978      0.119       1.44
    6/59   4374/4374    0.0377   0.00311     0.101      1.25       1.4       283       352     0.0795      0.231      0.104      0.115        1.4
    7/59   4374/4374    0.0368   0.00304    0.0984      1.22      1.35       181       352     0.0753      0.238      0.107      0.113        1.4
    8/59   4374/4374    0.0358   0.00297    0.0964      1.18      1.31       193       352     0.0799      0.241      0.115      0.118       1.39
    9/59   4374/4374    0.0352    0.0029    0.0946      1.15      1.28       240       352     0.0809      0.247      0.118      0.119       1.41
   10/59   4374/4374    0.0347   0.00287    0.0939      1.12      1.25       224       352      0.075      0.263      0.122      0.114       1.36
   11/59   4374/4374    0.0342   0.00281    0.0923      1.09      1.22       211       352     0.0955      0.254      0.125      0.133       1.33
   12/59   4374/4374    0.0339   0.00279    0.0916      1.08      1.21       233       352     0.0912      0.263      0.127      0.134       1.34
   13/59   4374/4374    0.0335   0.00275    0.0907      1.05      1.18       190       352     0.0993      0.246      0.113      0.133       1.37
   14/59   4374/4374    0.0332   0.00271    0.0895      1.03      1.16       251       352      0.101      0.264      0.128      0.143       1.31
   15/59   4374/4374    0.0329   0.00269    0.0891         1      1.13       193       352      0.108      0.268      0.137      0.148        1.3
   16/59   4374/4374    0.0327   0.00267    0.0886     0.995      1.12       209       352     0.0917      0.268      0.134      0.134       1.31
   17/59   4374/4374    0.0324   0.00262    0.0877     0.969      1.09       193       352      0.105      0.257      0.137      0.142       1.37
   18/59   4374/4374    0.0323    0.0026    0.0873     0.949      1.07       264       352     0.0914      0.266      0.132      0.131       1.39
   19/59   4374/4374    0.0321    0.0026    0.0871     0.945      1.07       216       352     0.0944      0.275      0.139      0.137       1.32
   20/59   4374/4374    0.0319   0.00259    0.0864     0.924      1.04       248       352      0.103      0.275      0.143      0.145        1.3
   21/59   4374/4374    0.0318   0.00257    0.0861     0.908      1.03       218       352      0.107      0.279      0.147       0.15       1.33
   22/59   4374/4374    0.0316   0.00255    0.0858     0.895      1.01       195       352      0.114      0.282      0.151      0.157       1.29
   23/59   4374/4374    0.0314   0.00255    0.0859      0.89      1.01       207       352      0.114      0.272      0.145      0.156       1.31
   24/59   4374/4374    0.0314   0.00252     0.085     0.869     0.988       166       352      0.101      0.288      0.153      0.146       1.29
   25/59   4374/4374    0.0312   0.00252    0.0846      0.85     0.968       222       352      0.104      0.278      0.149      0.146       1.35
   26/59   4374/4374     0.031   0.00249    0.0843     0.843     0.961       228       352      0.118      0.278      0.151       0.16       1.29
   27/59   4374/4374    0.0309   0.00249    0.0841     0.843      0.96       216       352       0.11      0.282      0.154      0.154       1.29
   28/59   4374/4374    0.0309   0.00246    0.0838     0.826     0.943       207       352      0.126      0.278      0.153      0.168       1.35
   29/59   4374/4374    0.0309   0.00246    0.0836     0.811     0.928       211       352      0.114      0.287      0.155       0.16       1.34
   30/59   4374/4374    0.0307   0.00245    0.0832     0.802     0.918       193       352      0.104      0.293       0.16       0.15       1.34
   31/59   4374/4374    0.0306   0.00244    0.0831     0.791     0.907       278       352      0.102      0.296      0.154      0.148       1.35
   32/59   4374/4374    0.0306   0.00242    0.0829     0.789     0.905       286       352     0.0966      0.308      0.161      0.143       1.36
   33/59   4374/4374    0.0306   0.00242    0.0829     0.781     0.897       263       352      0.104      0.298      0.153      0.151       1.35
   34/59   4374/4374    0.0302    0.0024    0.0822     0.757     0.871       225       352      0.111      0.299      0.163      0.157       1.35
   35/59   4374/4374    0.0301    0.0024    0.0818     0.746     0.861       191       352      0.101      0.301      0.162      0.148       1.34
   36/59   4374/4374    0.0299   0.00239    0.0818     0.745     0.859       200       352      0.111      0.296      0.164      0.159       1.35
   37/59   4374/4374      0.03   0.00239    0.0812     0.724     0.837       168       352     0.0988      0.301      0.163      0.147       1.38
   38/59   4374/4374    0.0302   0.00239     0.082     0.735     0.849       217       352      0.107      0.299      0.165      0.155       1.38
   39/59   4374/4374    0.0298   0.00236     0.081     0.709     0.822       234       352      0.111      0.302      0.164      0.157       1.37
   40/59   4374/4374    0.0296   0.00235    0.0805     0.696     0.808       227       352      0.112      0.289      0.159      0.155        1.4
   41/59   4374/4374    0.0295   0.00233    0.0801     0.686     0.797       229       352      0.114        0.3      0.165      0.162       1.36
   42/59   4374/4374    0.0294   0.00233    0.0799     0.676     0.787       202       352      0.107      0.296      0.163      0.152       1.43
   43/59   4374/4374    0.0294   0.00233    0.0802     0.683     0.795       233       352     0.0985      0.311      0.169      0.145       1.37
   44/59   4374/4374    0.0294   0.00232    0.0801      0.68     0.792       229       352      0.103      0.304      0.161      0.151       1.39
   45/59   4374/4374    0.0293   0.00233    0.0798     0.675     0.786       235       352      0.117      0.301      0.165      0.163       1.47
   46/59   4374/4374    0.0294   0.00231    0.0798     0.672     0.784       185       352      0.104      0.313      0.169      0.153       1.45
   47/59   4374/4374    0.0292    0.0023    0.0794     0.644     0.755       264       352      0.105      0.312      0.169      0.154       1.46
   48/59   4374/4374    0.0284   0.00224    0.0767      0.56     0.667       197       352      0.117      0.314      0.175      0.166       1.44
   49/59   4374/4374    0.0279    0.0022    0.0754     0.527     0.632       238       352      0.119      0.318       0.18       0.17       1.43
   50/59   4374/4374    0.0278    0.0022     0.075     0.513     0.618       227       352      0.118      0.317      0.177      0.168       1.45
   51/59   4374/4374    0.0277    0.0022    0.0747     0.501     0.606       256       352      0.119      0.315      0.177      0.169       1.46
   52/59   4374/4374    0.0276   0.00219    0.0743     0.491     0.595       247       352      0.121      0.316      0.179      0.172       1.48
   53/59   4374/4374    0.0276   0.00218    0.0739     0.484     0.588       220       352       0.12      0.319      0.178      0.171        1.5
   54/59   4374/4374    0.0276   0.00218    0.0739     0.476     0.579       200       352       0.12      0.318       0.18      0.171       1.51
   55/59   4374/4374    0.0275   0.00218    0.0741     0.476      0.58       280       352      0.118       0.32      0.181      0.169       1.52
   56/59   4374/4374    0.0275   0.00218    0.0739     0.473     0.577       212       352      0.119      0.319       0.18       0.17       1.51
   57/59   4374/4374    0.0276   0.00218    0.0738     0.474     0.577       227       352      0.122      0.315      0.179      0.172       1.52
   58/59   4374/4374    0.0275   0.00217    0.0738     0.472     0.576       215       352      0.121      0.318       0.18      0.172       1.51
   59/59   4374/4374    0.0275   0.00218    0.0737     0.472     0.575       181       352      0.121      0.317      0.179      0.172        1.5
   60/99   8749/8749    0.0158   0.00125    0.0359     0.419     0.471       151       288      0.145      0.355      0.214      0.202      0.692
   61/99   8749/8749    0.0157   0.00124    0.0362     0.403     0.457       126       288      0.145      0.355      0.214      0.202      0.665
   62/99   8749/8749    0.0159   0.00124    0.0357       0.4     0.453       147       384      0.135       0.36      0.211      0.193      0.634
   63/99   8749/8749    0.0155   0.00122    0.0358     0.366     0.419       128       320      0.137       0.36      0.214      0.195      0.645
   64/99   8749/8749    0.0158   0.00123    0.0353     0.379     0.432       155       512      0.116      0.354      0.195      0.172      0.632
   65/99   8749/8749    0.0155   0.00122    0.0357      0.37     0.422       130       576      0.108      0.347      0.183      0.161      0.646
   66/99   8749/8749    0.0154   0.00121    0.0357      0.36     0.413       185       448      0.123      0.364      0.209       0.18      0.611
   67/99   8749/8749    0.0154    0.0012     0.035     0.354     0.406       109       576      0.107      0.346      0.182       0.16      0.646
   68/99   8749/8749    0.0156   0.00121    0.0349     0.367     0.419       125       320      0.131      0.363      0.215      0.189      0.625
   69/99   8749/8749    0.0156   0.00122    0.0351     0.369     0.421       163       480      0.116      0.363      0.205      0.173      0.606
   70/99   8749/8749    0.0154   0.00119    0.0348     0.347     0.398       137       416      0.122      0.366      0.211      0.179      0.608
   71/99   8749/8749    0.0157   0.00122    0.0347     0.367     0.419       129       448      0.115      0.366      0.206      0.172      0.597
   72/99   8749/8749    0.0156   0.00122    0.0351     0.371     0.423       157       416       0.12      0.366      0.209      0.177      0.602
   73/99   8749/8749    0.0156   0.00121    0.0346     0.362     0.414       119       352      0.124      0.366      0.214      0.182      0.615
   74/99   8749/8749    0.0157   0.00121    0.0343     0.369      0.42       119       480      0.128      0.363      0.211      0.186      0.594
   75/99   8749/8749    0.0155   0.00121    0.0349      0.36     0.412       120       448      0.119      0.365      0.208      0.176      0.594
   76/99   8749/8749    0.0152    0.0012    0.0354     0.349     0.401       150       384      0.122      0.369      0.213       0.18      0.603
