                                             P          R         mAP      loss
       traffic light     1e+04  2.69e+04    0.0241    0.0563     0.007    0.0337
        traffic sign     1e+04  3.49e+04    0.0197    0.0663   0.00574    0.0304
                 car     1e+04  1.03e+05     0.107     0.402     0.197     0.169
              person     1e+04  1.33e+04     0.033     0.153    0.0124    0.0542
                 bus     1e+04   1.6e+03     0.103     0.104    0.0372     0.103
               truck     1e+04  4.24e+03     0.107     0.114    0.0305      0.11
               rider     1e+04       649     0.127    0.0108   0.00398    0.0199
                bike     1e+04  1.01e+03    0.0591    0.0129   0.00129    0.0212
               motor     1e+04       452         0         0         0         0
               train     1e+04        15         0         0         0         0
       traffic light     1e+04  2.69e+04    0.0314     0.076    0.0131    0.0444
        traffic sign     1e+04  3.49e+04    0.0325    0.0965    0.0195    0.0486
                 car     1e+04  1.03e+05     0.105     0.451     0.189      0.17
              person     1e+04  1.33e+04    0.0443     0.225    0.0367     0.074
                 bus     1e+04   1.6e+03     0.133     0.217    0.0916     0.165
               truck     1e+04  4.24e+03    0.0863     0.223    0.0793     0.124
               rider     1e+04       649    0.0976    0.0924    0.0266    0.0949
                bike     1e+04  1.01e+03    0.0372    0.0775   0.00794    0.0502
               motor     1e+04       452    0.0781    0.0111   0.00219    0.0194
               train     1e+04        15         0         0         0         0
       traffic light     1e+04  2.69e+04    0.0488    0.0889    0.0198     0.063
        traffic sign     1e+04  3.49e+04    0.0328      0.13    0.0302    0.0524
                 car     1e+04  1.03e+05     0.124     0.465      0.23     0.196
              person     1e+04  1.33e+04    0.0355     0.276    0.0592    0.0629
                 bus     1e+04   1.6e+03    0.0919     0.258     0.124     0.136
               truck     1e+04  4.24e+03    0.0669     0.298     0.113     0.109
               rider     1e+04       649    0.0594     0.134    0.0463    0.0823
                bike     1e+04  1.01e+03    0.0255     0.121    0.0207    0.0421
               motor     1e+04       452     0.113    0.0288   0.00692    0.0459
               train     1e+04        15         0         0         0         0
       traffic light     1e+04  2.69e+04    0.0486    0.0999    0.0247    0.0654
        traffic sign     1e+04  3.49e+04     0.047     0.147    0.0488    0.0712
                 car     1e+04  1.03e+05     0.129     0.482     0.264     0.203
              person     1e+04  1.33e+04     0.068     0.241    0.0625     0.106
                 bus     1e+04   1.6e+03     0.124     0.259      0.13     0.167
               truck     1e+04  4.24e+03    0.0841     0.318     0.123     0.133
               rider     1e+04       649     0.115      0.14     0.036     0.126
                bike     1e+04  1.01e+03    0.0595     0.135    0.0253    0.0826
               motor     1e+04       452     0.154    0.0509    0.0182    0.0765
               train     1e+04        15         0         0         0         0
       traffic light     1e+04  2.69e+04    0.0704      0.11    0.0291    0.0858
        traffic sign     1e+04  3.49e+04    0.0507     0.146    0.0432    0.0752
                 car     1e+04  1.03e+05     0.137     0.493     0.282     0.215
              person     1e+04  1.33e+04    0.0697     0.279    0.0786     0.112
                 bus     1e+04   1.6e+03     0.142     0.294     0.187     0.191
               truck     1e+04  4.24e+03     0.107     0.314      0.16      0.16
               rider     1e+04       649     0.134     0.139    0.0387     0.136
                bike     1e+04  1.01e+03    0.0687     0.156    0.0363    0.0954
               motor     1e+04       452     0.101    0.0686    0.0222    0.0817
               train     1e+04        15         0         0         0         0
       traffic light     1e+04  2.69e+04     0.077     0.115    0.0344    0.0922
        traffic sign     1e+04  3.49e+04    0.0577     0.167    0.0582    0.0858
                 car     1e+04  1.03e+05     0.144     0.493     0.308     0.223
              person     1e+04  1.33e+04    0.0698     0.278    0.0756     0.112
                 bus     1e+04   1.6e+03       0.2     0.271     0.187      0.23
               truck     1e+04  4.24e+03     0.103     0.365      0.18     0.161
               rider     1e+04       649     0.082     0.174    0.0471     0.111
                bike     1e+04  1.01e+03    0.0484     0.217    0.0555    0.0792
               motor     1e+04       452    0.0878     0.115    0.0323    0.0996
               train     1e+04        15         0         0         0         0
       traffic light     1e+04  2.69e+04    0.0646     0.125    0.0373    0.0853
        traffic sign     1e+04  3.49e+04    0.0443     0.189    0.0635    0.0717
                 car     1e+04  1.03e+05     0.139     0.506     0.308     0.218
              person     1e+04  1.33e+04    0.0689     0.277    0.0787      0.11
                 bus     1e+04   1.6e+03      0.16     0.321     0.204     0.213
               truck     1e+04  4.24e+03    0.0915     0.362     0.168     0.146
               rider     1e+04       649    0.0839     0.199    0.0753     0.118
                bike     1e+04  1.01e+03    0.0486     0.218    0.0689    0.0795
               motor     1e+04       452    0.0944     0.113    0.0328     0.103
               train     1e+04        15         0         0         0         0
       traffic light     1e+04  2.69e+04    0.0682     0.128    0.0375     0.089
        traffic sign     1e+04  3.49e+04    0.0481     0.191    0.0665    0.0769
                 car     1e+04  1.03e+05     0.146     0.505     0.326     0.226
              person     1e+04  1.33e+04    0.0722     0.282    0.0938     0.115
                 bus     1e+04   1.6e+03     0.104     0.369     0.194     0.162
               truck     1e+04  4.24e+03     0.109     0.337     0.186     0.165
               rider     1e+04       649    0.0814     0.208     0.079     0.117
                bike     1e+04  1.01e+03    0.0496     0.195    0.0593    0.0791
               motor     1e+04       452     0.074     0.166    0.0312     0.102
               train     1e+04        15         0         0         0         0
       traffic light     1e+04  2.69e+04     0.052     0.137    0.0422    0.0754
        traffic sign     1e+04  3.49e+04    0.0498      0.19    0.0659    0.0789
                 car     1e+04  1.03e+05     0.152     0.512     0.341     0.234
              person     1e+04  1.33e+04    0.0758     0.288    0.0956      0.12
                 bus     1e+04   1.6e+03     0.127     0.358     0.227     0.188
               truck     1e+04  4.24e+03    0.0993     0.365     0.207     0.156
               rider     1e+04       649     0.106     0.213    0.0773     0.141
                bike     1e+04  1.01e+03    0.0571      0.22    0.0624    0.0907
               motor     1e+04       452    0.0796     0.126    0.0363    0.0976
               train     1e+04        15         0         0         0         0
       traffic light     1e+04  2.69e+04    0.0894     0.135    0.0449     0.107
        traffic sign     1e+04  3.49e+04    0.0641     0.198    0.0772    0.0968
                 car     1e+04  1.03e+05     0.148     0.509     0.328      0.23
              person     1e+04  1.33e+04    0.0707     0.291     0.101     0.114
                 bus     1e+04   1.6e+03     0.121     0.348     0.225      0.18
               truck     1e+04  4.24e+03    0.0868     0.392     0.196     0.142
               rider     1e+04       649    0.0858     0.211       0.1     0.122
                bike     1e+04  1.01e+03    0.0587     0.236    0.0688    0.0941
               motor     1e+04       452    0.0844     0.153    0.0409     0.109
               train     1e+04        15         0         0         0         0
       traffic light     1e+04  2.69e+04    0.0718     0.138    0.0466    0.0943
        traffic sign     1e+04  3.49e+04    0.0631     0.202    0.0763    0.0962
                 car     1e+04  1.03e+05     0.168     0.508     0.343     0.253
              person     1e+04  1.33e+04    0.0617     0.332     0.119     0.104
                 bus     1e+04   1.6e+03    0.0809     0.411     0.226     0.135
               truck     1e+04  4.24e+03     0.138     0.346     0.194     0.197
               rider     1e+04       649    0.0665     0.227    0.0993     0.103
                bike     1e+04  1.01e+03    0.0406     0.255    0.0643    0.0701
               motor     1e+04       452    0.0594      0.21    0.0486    0.0926
               train     1e+04        15         0         0         0         0
       traffic light     1e+04  2.69e+04    0.0718     0.148     0.052    0.0966
        traffic sign     1e+04  3.49e+04     0.068     0.209    0.0812     0.103
                 car     1e+04  1.03e+05     0.183     0.512     0.354     0.269
              person     1e+04  1.33e+04    0.0741     0.318     0.105      0.12
                 bus     1e+04   1.6e+03     0.142     0.367     0.225     0.205
               truck     1e+04  4.24e+03     0.117     0.372     0.209     0.177
               rider     1e+04       649     0.124     0.217     0.102     0.158
                bike     1e+04  1.01e+03    0.0462     0.276    0.0792    0.0792
               motor     1e+04       452     0.129     0.117    0.0448     0.123
               train     1e+04        15         0         0         0         0
       traffic light     1e+04  2.69e+04    0.0799     0.154    0.0541     0.105
        traffic sign     1e+04  3.49e+04    0.0682     0.214    0.0814     0.103
                 car     1e+04  1.03e+05      0.16     0.516     0.326     0.245
              person     1e+04  1.33e+04    0.0773     0.318     0.112     0.124
                 bus     1e+04   1.6e+03     0.146     0.327     0.228     0.202
               truck     1e+04  4.24e+03     0.124     0.397     0.219     0.189
               rider     1e+04       649     0.102     0.228    0.0945     0.141
                bike     1e+04  1.01e+03    0.0581     0.273    0.0905    0.0959
               motor     1e+04       452    0.0968     0.206     0.063     0.132
               train     1e+04        15         0         0         0         0
       traffic light     1e+04  2.69e+04    0.0779     0.152    0.0554     0.103
        traffic sign     1e+04  3.49e+04     0.065     0.215    0.0835    0.0998
                 car     1e+04  1.03e+05     0.178     0.517     0.355     0.264
              person     1e+04  1.33e+04    0.0661     0.314    0.0984     0.109
                 bus     1e+04   1.6e+03     0.264      0.25     0.197     0.257
               truck     1e+04  4.24e+03     0.111     0.404     0.216     0.174
               rider     1e+04       649     0.124     0.202    0.0724     0.154
                bike     1e+04  1.01e+03     0.052     0.214    0.0319    0.0837
               motor     1e+04       452    0.0554     0.195    0.0257    0.0862
               train     1e+04        15         0         0         0         0
       traffic light     1e+04  2.69e+04    0.0848     0.162    0.0594     0.111
        traffic sign     1e+04  3.49e+04    0.0636     0.221    0.0817    0.0988
                 car     1e+04  1.03e+05     0.182     0.516     0.348     0.269
              person     1e+04  1.33e+04    0.0748      0.32       0.1     0.121
                 bus     1e+04   1.6e+03     0.166     0.357     0.255     0.226
               truck     1e+04  4.24e+03     0.136     0.407     0.217     0.204
               rider     1e+04       649     0.132      0.22    0.0935     0.165
                bike     1e+04  1.01e+03    0.0629     0.268    0.0761     0.102
               motor     1e+04       452     0.106     0.173    0.0513     0.132
               train     1e+04        15         0         0         0         0
       traffic light     1e+04  2.69e+04    0.0999     0.153    0.0577     0.121
        traffic sign     1e+04  3.49e+04    0.0702     0.223    0.0924     0.107
                 car     1e+04  1.03e+05     0.166     0.534     0.366     0.253
              person     1e+04  1.33e+04    0.0795     0.334     0.123     0.128
                 bus     1e+04   1.6e+03      0.16     0.377      0.26     0.225
               truck     1e+04  4.24e+03     0.122     0.408     0.245     0.188
               rider     1e+04       649     0.171     0.199       0.1     0.184
                bike     1e+04  1.01e+03    0.0726     0.247    0.0681     0.112
               motor     1e+04       452     0.138     0.204    0.0617     0.165
               train     1e+04        15         0         0         0         0
       traffic light     1e+04  2.69e+04    0.0884     0.156    0.0585     0.113
        traffic sign     1e+04  3.49e+04    0.0685     0.221    0.0901     0.105
                 car     1e+04  1.03e+05     0.155     0.523     0.349      0.24
              person     1e+04  1.33e+04    0.0847     0.308     0.107     0.133
                 bus     1e+04   1.6e+03     0.123     0.377     0.258     0.185
               truck     1e+04  4.24e+03     0.126       0.4     0.226     0.192
               rider     1e+04       649     0.127     0.233     0.103     0.164
                bike     1e+04  1.01e+03    0.0558       0.3    0.0911    0.0941
               motor     1e+04       452    0.0882     0.164    0.0531     0.115
               train     1e+04        15         0         0         0         0
       traffic light     1e+04  2.69e+04    0.0928      0.15    0.0572     0.115
        traffic sign     1e+04  3.49e+04    0.0686     0.222    0.0898     0.105
                 car     1e+04  1.03e+05     0.183     0.529     0.371     0.272
              person     1e+04  1.33e+04    0.0762     0.317     0.114     0.123
                 bus     1e+04   1.6e+03     0.143     0.373     0.255     0.207
               truck     1e+04  4.24e+03     0.135     0.366     0.223     0.197
               rider     1e+04       649     0.155     0.213     0.112     0.179
                bike     1e+04  1.01e+03    0.0561     0.271    0.0894     0.093
               motor     1e+04       452     0.139     0.126    0.0556     0.132
               train     1e+04        15         0         0         0         0
       traffic light     1e+04  2.69e+04     0.102     0.156    0.0617     0.123
        traffic sign     1e+04  3.49e+04    0.0657     0.228    0.0906     0.102
                 car     1e+04  1.03e+05      0.17     0.533      0.37     0.258
              person     1e+04  1.33e+04    0.0756     0.334     0.127     0.123
                 bus     1e+04   1.6e+03     0.121     0.379     0.233     0.184
               truck     1e+04  4.24e+03     0.112     0.397     0.203     0.175
               rider     1e+04       649    0.0995     0.228     0.108     0.139
                bike     1e+04  1.01e+03    0.0553     0.291    0.0851    0.0929
               motor     1e+04       452     0.113     0.115    0.0422     0.114
               train     1e+04        15         0         0         0         0
       traffic light     1e+04  2.69e+04    0.0956      0.16    0.0631      0.12
        traffic sign     1e+04  3.49e+04    0.0771     0.227     0.098     0.115
                 car     1e+04  1.03e+05     0.156     0.538     0.359     0.242
              person     1e+04  1.33e+04    0.0962     0.315     0.116     0.147
                 bus     1e+04   1.6e+03     0.153      0.34     0.228     0.211
               truck     1e+04  4.24e+03     0.123      0.41     0.235     0.189
               rider     1e+04       649    0.0968     0.253     0.123      0.14
                bike     1e+04  1.01e+03    0.0439     0.311     0.105     0.077
               motor     1e+04       452     0.102     0.192    0.0631     0.133
               train     1e+04        15         0         0         0         0
       traffic light     1e+04  2.69e+04     0.108     0.163    0.0682      0.13
        traffic sign     1e+04  3.49e+04    0.0615     0.241    0.0957     0.098
                 car     1e+04  1.03e+05     0.176     0.535     0.369     0.265
              person     1e+04  1.33e+04       0.1     0.321     0.137     0.153
                 bus     1e+04   1.6e+03     0.161     0.351     0.255      0.22
               truck     1e+04  4.24e+03     0.129     0.398     0.231     0.195
               rider     1e+04       649     0.153     0.216     0.109     0.179
                bike     1e+04  1.01e+03    0.0507     0.308       0.1     0.087
               motor     1e+04       452    0.0859     0.219    0.0699     0.123
               train     1e+04        15         0         0         0         0
       traffic light     1e+04  2.69e+04    0.0925     0.162    0.0639     0.118
        traffic sign     1e+04  3.49e+04     0.074     0.234    0.0943     0.112
                 car     1e+04  1.03e+05     0.193     0.529     0.371     0.283
              person     1e+04  1.33e+04      0.08     0.339     0.138      0.13
                 bus     1e+04   1.6e+03     0.196     0.338      0.25     0.248
               truck     1e+04  4.24e+03     0.145     0.411     0.242     0.214
               rider     1e+04       649     0.122      0.26     0.142     0.166
                bike     1e+04  1.01e+03    0.0512     0.335     0.106    0.0888
               motor     1e+04       452     0.117     0.181     0.066     0.142
               train     1e+04        15         0         0         0         0
       traffic light     1e+04  2.69e+04      0.12     0.161    0.0641     0.138
        traffic sign     1e+04  3.49e+04    0.0775     0.238    0.0999     0.117
                 car     1e+04  1.03e+05     0.203     0.531      0.38     0.293
              person     1e+04  1.33e+04    0.0947     0.332     0.138     0.147
                 bus     1e+04   1.6e+03     0.196      0.35     0.239     0.251
               truck     1e+04  4.24e+03      0.12      0.43     0.255     0.188
               rider     1e+04       649     0.127     0.253     0.138     0.169
                bike     1e+04  1.01e+03    0.0597     0.303     0.108    0.0998
               motor     1e+04       452     0.138     0.221    0.0878      0.17
               train     1e+04        15         0         0         0         0
       traffic light     1e+04  2.69e+04     0.101     0.165    0.0652     0.125
        traffic sign     1e+04  3.49e+04    0.0736     0.229    0.0978     0.111
                 car     1e+04  1.03e+05     0.196      0.53     0.375     0.286
              person     1e+04  1.33e+04    0.0777     0.328     0.117     0.126
                 bus     1e+04   1.6e+03     0.179     0.356     0.257     0.238
               truck     1e+04  4.24e+03     0.142     0.418     0.248     0.212
               rider     1e+04       649     0.191     0.213     0.131     0.201
                bike     1e+04  1.01e+03    0.0782     0.258    0.0958      0.12
               motor     1e+04       452     0.104     0.219    0.0682     0.141
               train     1e+04        15         0         0         0         0
       traffic light     1e+04  2.69e+04     0.118     0.169    0.0705     0.139
        traffic sign     1e+04  3.49e+04      0.07     0.242       0.1     0.109
                 car     1e+04  1.03e+05     0.175     0.537     0.372     0.264
              person     1e+04  1.33e+04      0.08     0.342     0.145      0.13
                 bus     1e+04   1.6e+03     0.158     0.391     0.275     0.225
               truck     1e+04  4.24e+03      0.11     0.434     0.246     0.176
               rider     1e+04       649     0.144     0.242      0.14      0.18
                bike     1e+04  1.01e+03    0.0594      0.29       0.1    0.0986
               motor     1e+04       452    0.0988      0.23    0.0769     0.138
               train     1e+04        15         0         0         0         0
       traffic light     1e+04  2.69e+04      0.11     0.167     0.067     0.133
        traffic sign     1e+04  3.49e+04    0.0719     0.248     0.106     0.112
                 car     1e+04  1.03e+05     0.179     0.534     0.375     0.268
              person     1e+04  1.33e+04    0.0849     0.348     0.147     0.136
                 bus     1e+04   1.6e+03     0.181     0.361     0.256     0.241
               truck     1e+04  4.24e+03     0.125     0.399     0.234     0.191
               rider     1e+04       649      0.13      0.24     0.135     0.168
                bike     1e+04  1.01e+03    0.0464     0.333    0.0974    0.0815
               motor     1e+04       452     0.113     0.146    0.0695     0.128
               train     1e+04        15         0         0         0         0
       traffic light     1e+04  2.69e+04     0.111     0.165    0.0652     0.133
        traffic sign     1e+04  3.49e+04    0.0701     0.247     0.105     0.109
                 car     1e+04  1.03e+05     0.198     0.535     0.381     0.289
              person     1e+04  1.33e+04    0.0853     0.343     0.139     0.137
                 bus     1e+04   1.6e+03     0.189     0.373     0.263     0.251
               truck     1e+04  4.24e+03     0.141      0.42     0.261     0.211
               rider     1e+04       649      0.19     0.206     0.129     0.198
                bike     1e+04  1.01e+03    0.0758       0.3    0.0984     0.121
               motor     1e+04       452     0.123     0.188    0.0674     0.149
               train     1e+04        15         0         0         0         0
       traffic light     1e+04  2.69e+04     0.092     0.176    0.0688     0.121
        traffic sign     1e+04  3.49e+04     0.077     0.246     0.107     0.117
                 car     1e+04  1.03e+05     0.184     0.534     0.375     0.274
              person     1e+04  1.33e+04    0.0857     0.339     0.133     0.137
                 bus     1e+04   1.6e+03     0.165     0.361     0.272     0.227
               truck     1e+04  4.24e+03      0.17     0.392      0.24     0.238
               rider     1e+04       649     0.139     0.242     0.148     0.176
                bike     1e+04  1.01e+03    0.0556     0.341     0.114    0.0956
               motor     1e+04       452     0.133     0.188     0.078     0.156
               train     1e+04        15         0         0         0         0
       traffic light     1e+04  2.69e+04     0.115      0.17    0.0698     0.137
        traffic sign     1e+04  3.49e+04    0.0817      0.25      0.11     0.123
                 car     1e+04  1.03e+05     0.211     0.531     0.386     0.302
              person     1e+04  1.33e+04     0.102     0.331     0.139     0.156
                 bus     1e+04   1.6e+03     0.164     0.396     0.253     0.232
               truck     1e+04  4.24e+03     0.155     0.414     0.251     0.226
               rider     1e+04       649     0.223       0.2     0.141     0.211
                bike     1e+04  1.01e+03    0.0894     0.259     0.107     0.133
               motor     1e+04       452     0.123     0.226    0.0692     0.159
               train     1e+04        15         0         0         0         0
       traffic light     1e+04  2.69e+04     0.108     0.176    0.0728     0.134
        traffic sign     1e+04  3.49e+04    0.0791     0.245     0.102      0.12
                 car     1e+04  1.03e+05     0.192     0.535     0.386     0.283
              person     1e+04  1.33e+04     0.109     0.338     0.151     0.165
                 bus     1e+04   1.6e+03     0.143     0.389     0.259     0.209
               truck     1e+04  4.24e+03     0.162     0.388     0.238     0.228
               rider     1e+04       649     0.152     0.242     0.155     0.187
                bike     1e+04  1.01e+03    0.0722     0.329     0.107     0.118
               motor     1e+04       452     0.125     0.223    0.0836     0.161
               train     1e+04        15         0         0         0         0
       traffic light     1e+04  2.69e+04     0.108     0.176    0.0743     0.133
        traffic sign     1e+04  3.49e+04    0.0808     0.255     0.114     0.123
                 car     1e+04  1.03e+05     0.195     0.539     0.386     0.287
              person     1e+04  1.33e+04     0.094     0.336      0.15     0.147
                 bus     1e+04   1.6e+03     0.171     0.378     0.272     0.236
               truck     1e+04  4.24e+03     0.146     0.419     0.259     0.216
               rider     1e+04       649      0.12     0.243      0.15     0.161
                bike     1e+04  1.01e+03    0.0695     0.314     0.115     0.114
               motor     1e+04       452    0.0518     0.272    0.0758     0.087
               train     1e+04        15         0         0         0         0
       traffic light     1e+04  2.69e+04     0.109     0.168    0.0718     0.132
        traffic sign     1e+04  3.49e+04    0.0795     0.249     0.111     0.121
                 car     1e+04  1.03e+05     0.179     0.539     0.369     0.269
              person     1e+04  1.33e+04    0.0901     0.336     0.133     0.142
                 bus     1e+04   1.6e+03     0.146     0.389     0.283     0.213
               truck     1e+04  4.24e+03     0.152     0.417     0.248     0.223
               rider     1e+04       649     0.106     0.284     0.149     0.154
                bike     1e+04  1.01e+03    0.0429     0.357     0.101    0.0765
               motor     1e+04       452     0.117     0.226    0.0711     0.154
               train     1e+04        15         0         0         0         0
       traffic light     1e+04  2.69e+04    0.0985     0.176    0.0747     0.126
        traffic sign     1e+04  3.49e+04    0.0662     0.255      0.11     0.105
                 car     1e+04  1.03e+05     0.198     0.536      0.39     0.289
              person     1e+04  1.33e+04    0.0831     0.355      0.15     0.135
                 bus     1e+04   1.6e+03     0.135     0.404     0.278     0.202
               truck     1e+04  4.24e+03     0.111     0.457      0.25     0.178
               rider     1e+04       649     0.141     0.271     0.147     0.185
                bike     1e+04  1.01e+03    0.0491     0.375     0.121    0.0868
               motor     1e+04       452    0.0849     0.252     0.086     0.127
               train     1e+04        15         0         0         0         0
       traffic light     1e+04  2.69e+04    0.0912     0.184    0.0762     0.122
        traffic sign     1e+04  3.49e+04    0.0754     0.251     0.112     0.116
                 car     1e+04  1.03e+05     0.191     0.537      0.38     0.282
              person     1e+04  1.33e+04    0.0836     0.341      0.13     0.134
                 bus     1e+04   1.6e+03      0.19       0.4     0.274     0.258
               truck     1e+04  4.24e+03     0.148     0.407     0.243     0.217
               rider     1e+04       649     0.129     0.271     0.148     0.175
                bike     1e+04  1.01e+03    0.0472     0.352     0.103    0.0832
               motor     1e+04       452    0.0798     0.239    0.0685      0.12
               train     1e+04        15         0         0         0         0
       traffic light     1e+04  2.69e+04     0.124      0.17    0.0721     0.144
        traffic sign     1e+04  3.49e+04    0.0808     0.254     0.113     0.123
                 car     1e+04  1.03e+05     0.191     0.539     0.394     0.282
              person     1e+04  1.33e+04     0.106     0.331     0.146     0.161
                 bus     1e+04   1.6e+03     0.155     0.408     0.286     0.224
               truck     1e+04  4.24e+03     0.117     0.447      0.26     0.186
               rider     1e+04       649     0.181     0.247     0.155     0.209
                bike     1e+04  1.01e+03    0.0694     0.348     0.118     0.116
               motor     1e+04       452    0.0884     0.241    0.0831     0.129
               train     1e+04        15         0         0         0         0
       traffic light     1e+04  2.69e+04    0.0918     0.183    0.0766     0.122
        traffic sign     1e+04  3.49e+04      0.07     0.264     0.113     0.111
                 car     1e+04  1.03e+05     0.189     0.545       0.4     0.281
              person     1e+04  1.33e+04     0.084     0.352     0.142     0.136
                 bus     1e+04   1.6e+03     0.134     0.409     0.292     0.202
               truck     1e+04  4.24e+03     0.125      0.41     0.259     0.192
               rider     1e+04       649     0.172     0.259     0.142     0.207
                bike     1e+04  1.01e+03    0.0685     0.328     0.115     0.113
               motor     1e+04       452    0.0747     0.259     0.078     0.116
               train     1e+04        15         0         0         0         0
       traffic light     1e+04  2.69e+04     0.101     0.179     0.077     0.129
        traffic sign     1e+04  3.49e+04    0.0871     0.254     0.116      0.13
                 car     1e+04  1.03e+05     0.198      0.54      0.39      0.29
              person     1e+04  1.33e+04    0.0942     0.347     0.154     0.148
                 bus     1e+04   1.6e+03     0.178     0.373      0.28     0.241
               truck     1e+04  4.24e+03     0.139     0.442     0.264     0.211
               rider     1e+04       649     0.148     0.257     0.144     0.188
                bike     1e+04  1.01e+03    0.0682     0.316     0.121     0.112
               motor     1e+04       452    0.0983     0.252    0.0891     0.141
               train     1e+04        15         0         0         0         0
       traffic light     1e+04  2.69e+04     0.093     0.182     0.074     0.123
        traffic sign     1e+04  3.49e+04    0.0739     0.258     0.114     0.115
                 car     1e+04  1.03e+05     0.195     0.542     0.395     0.287
              person     1e+04  1.33e+04    0.0966      0.35     0.148     0.151
                 bus     1e+04   1.6e+03     0.131     0.405     0.286     0.198
               truck     1e+04  4.24e+03     0.141     0.416     0.271     0.211
               rider     1e+04       649     0.121     0.276     0.137     0.168
                bike     1e+04  1.01e+03    0.0499     0.347     0.111    0.0873
               motor     1e+04       452     0.086     0.235    0.0969     0.126
               train     1e+04        15         0         0         0         0
       traffic light     1e+04  2.69e+04     0.115     0.176    0.0749     0.139
        traffic sign     1e+04  3.49e+04    0.0783     0.259     0.115      0.12
                 car     1e+04  1.03e+05      0.19     0.544     0.384     0.281
              person     1e+04  1.33e+04    0.0968      0.34     0.148     0.151
                 bus     1e+04   1.6e+03      0.14     0.415     0.288     0.209
               truck     1e+04  4.24e+03     0.163     0.387     0.245     0.229
               rider     1e+04       649     0.116     0.291     0.161     0.166
                bike     1e+04  1.01e+03    0.0645      0.35     0.133     0.109
               motor     1e+04       452      0.11     0.226    0.0979     0.148
               train     1e+04        15         0         0         0         0
       traffic light     1e+04  2.69e+04     0.129     0.175    0.0755     0.148
        traffic sign     1e+04  3.49e+04     0.081     0.259     0.115     0.123
                 car     1e+04  1.03e+05      0.21     0.543     0.403     0.302
              person     1e+04  1.33e+04    0.0887     0.352     0.156     0.142
                 bus     1e+04   1.6e+03     0.142     0.406     0.283      0.21
               truck     1e+04  4.24e+03     0.143     0.427     0.255     0.214
               rider     1e+04       649     0.138      0.28     0.158     0.185
                bike     1e+04  1.01e+03    0.0496     0.369     0.107    0.0875
               motor     1e+04       452     0.132     0.206    0.0869     0.161
               train     1e+04        15         0         0         0         0
       traffic light     1e+04  2.69e+04     0.115     0.175    0.0751     0.139
        traffic sign     1e+04  3.49e+04    0.0715     0.266     0.117     0.113
                 car     1e+04  1.03e+05     0.196     0.543     0.396     0.288
              person     1e+04  1.33e+04    0.0884     0.341     0.142      0.14
                 bus     1e+04   1.6e+03     0.154     0.354     0.265     0.215
               truck     1e+04  4.24e+03     0.109     0.457     0.247     0.176
               rider     1e+04       649     0.175     0.253     0.156     0.207
                bike     1e+04  1.01e+03    0.0706     0.325     0.108     0.116
               motor     1e+04       452      0.14     0.177    0.0833     0.156
               train     1e+04        15         0         0         0         0
       traffic light     1e+04  2.69e+04    0.0891     0.193    0.0826     0.122
        traffic sign     1e+04  3.49e+04    0.0795     0.259     0.115     0.122
                 car     1e+04  1.03e+05     0.206     0.541     0.394     0.298
              person     1e+04  1.33e+04    0.0937      0.35     0.151     0.148
                 bus     1e+04   1.6e+03     0.157     0.401     0.282     0.226
               truck     1e+04  4.24e+03     0.139      0.43      0.26      0.21
               rider     1e+04       649     0.167     0.254     0.152     0.201
                bike     1e+04  1.01e+03    0.0675     0.325     0.117     0.112
               motor     1e+04       452     0.145     0.243       0.1     0.182
               train     1e+04        15         0         0         0         0
       traffic light     1e+04  2.69e+04    0.0909     0.185    0.0776     0.122
        traffic sign     1e+04  3.49e+04    0.0829     0.257     0.116     0.125
                 car     1e+04  1.03e+05     0.195     0.542     0.395     0.286
              person     1e+04  1.33e+04     0.084     0.363     0.159     0.136
                 bus     1e+04   1.6e+03     0.138     0.387     0.262     0.204
               truck     1e+04  4.24e+03     0.117     0.439     0.253     0.185
               rider     1e+04       649     0.172     0.245     0.154     0.202
                bike     1e+04  1.01e+03     0.064     0.348     0.132     0.108
               motor     1e+04       452     0.128      0.19    0.0838     0.153
               train     1e+04        15         0         0         0         0
       traffic light     1e+04  2.69e+04     0.107     0.185    0.0804     0.136
        traffic sign     1e+04  3.49e+04    0.0778      0.26     0.117      0.12
                 car     1e+04  1.03e+05     0.182     0.547     0.391     0.273
              person     1e+04  1.33e+04    0.0803     0.365     0.158     0.132
                 bus     1e+04   1.6e+03     0.155     0.371     0.278     0.219
               truck     1e+04  4.24e+03     0.097     0.483     0.282     0.162
               rider     1e+04       649     0.145     0.279     0.169      0.19
                bike     1e+04  1.01e+03    0.0511     0.377     0.136    0.0901
               motor     1e+04       452    0.0905     0.243    0.0821     0.132
               train     1e+04        15         0         0         0         0
       traffic light     1e+04  2.69e+04     0.111     0.179    0.0777     0.137
        traffic sign     1e+04  3.49e+04    0.0932     0.257      0.12     0.137
                 car     1e+04  1.03e+05     0.187     0.545     0.391     0.278
              person     1e+04  1.33e+04    0.0986     0.331     0.139     0.152
                 bus     1e+04   1.6e+03     0.172     0.393     0.285     0.239
               truck     1e+04  4.24e+03     0.113     0.456      0.27     0.182
               rider     1e+04       649    0.0944     0.297     0.126     0.143
                bike     1e+04  1.01e+03    0.0607     0.366     0.125     0.104
               motor     1e+04       452     0.104     0.217    0.0772      0.14
               train     1e+04        15         0         0         0         0
       traffic light     1e+04  2.69e+04     0.117     0.185    0.0806     0.143
        traffic sign     1e+04  3.49e+04    0.0856     0.262      0.12     0.129
                 car     1e+04  1.03e+05     0.207     0.546     0.408       0.3
              person     1e+04  1.33e+04    0.0929     0.348     0.155     0.147
                 bus     1e+04   1.6e+03     0.154     0.423     0.294     0.225
               truck     1e+04  4.24e+03     0.159     0.408     0.265     0.229
               rider     1e+04       649     0.171     0.262     0.146     0.207
                bike     1e+04  1.01e+03    0.0502     0.369     0.107    0.0885
               motor     1e+04       452     0.134     0.204    0.0725     0.161
               train     1e+04        15         0         0         0         0
       traffic light     1e+04  2.69e+04     0.121     0.184     0.081     0.146
        traffic sign     1e+04  3.49e+04    0.0837     0.266     0.119     0.127
                 car     1e+04  1.03e+05     0.206     0.542     0.398     0.299
              person     1e+04  1.33e+04    0.0914     0.358     0.164     0.146
                 bus     1e+04   1.6e+03      0.17     0.384     0.283     0.236
               truck     1e+04  4.24e+03     0.115     0.446     0.266     0.183
               rider     1e+04       649     0.128     0.291      0.16     0.178
                bike     1e+04  1.01e+03    0.0665     0.357     0.137     0.112
               motor     1e+04       452    0.0596     0.303    0.0816    0.0996
               train     1e+04        15         0         0         0         0
       traffic light     1e+04  2.69e+04     0.122     0.186    0.0829     0.148
        traffic sign     1e+04  3.49e+04    0.0717     0.274     0.117     0.114
                 car     1e+04  1.03e+05     0.226     0.542     0.411     0.319
              person     1e+04  1.33e+04    0.0863      0.35      0.15     0.139
                 bus     1e+04   1.6e+03     0.133     0.425     0.287     0.202
               truck     1e+04  4.24e+03     0.145     0.447     0.275     0.219
               rider     1e+04       649     0.124     0.279     0.148     0.172
                bike     1e+04  1.01e+03    0.0542     0.354     0.122     0.094
               motor     1e+04       452    0.0894     0.265    0.0931     0.134
               train     1e+04        15         0         0         0         0
       traffic light     1e+04  2.69e+04     0.134     0.191    0.0881     0.158
        traffic sign     1e+04  3.49e+04    0.0829     0.274     0.123     0.127
                 car     1e+04  1.03e+05     0.207     0.552     0.409     0.301
              person     1e+04  1.33e+04     0.106     0.353     0.162     0.163
                 bus     1e+04   1.6e+03     0.164     0.433     0.302     0.238
               truck     1e+04  4.24e+03     0.138     0.458     0.283     0.212
               rider     1e+04       649      0.15     0.263     0.159     0.191
                bike     1e+04  1.01e+03    0.0677     0.371     0.133     0.115
               motor     1e+04       452     0.117     0.246    0.0887     0.159
               train     1e+04        15         0         0         0         0
       traffic light     1e+04  2.69e+04     0.126     0.193    0.0891     0.152
        traffic sign     1e+04  3.49e+04    0.0813     0.277     0.124     0.126
                 car     1e+04  1.03e+05     0.212     0.553     0.413     0.306
              person     1e+04  1.33e+04     0.104      0.36     0.164     0.161
                 bus     1e+04   1.6e+03     0.176     0.423     0.305     0.249
               truck     1e+04  4.24e+03     0.146      0.45     0.286     0.221
               rider     1e+04       649     0.153     0.267     0.163     0.195
                bike     1e+04  1.01e+03    0.0722     0.375     0.153     0.121
               motor     1e+04       452     0.116     0.279     0.103     0.164
               train     1e+04        15         0         0         0         0
       traffic light     1e+04  2.69e+04     0.127     0.194    0.0903     0.153
        traffic sign     1e+04  3.49e+04    0.0853     0.278     0.127     0.131
                 car     1e+04  1.03e+05     0.214     0.552     0.411     0.309
              person     1e+04  1.33e+04       0.1      0.36     0.163     0.157
                 bus     1e+04   1.6e+03     0.173     0.428     0.309     0.246
               truck     1e+04  4.24e+03     0.139     0.452     0.284     0.212
               rider     1e+04       649     0.158     0.271     0.163     0.199
                bike     1e+04  1.01e+03    0.0659     0.383     0.135     0.112
               motor     1e+04       452     0.113     0.252    0.0876     0.156
               train     1e+04        15         0         0         0         0
       traffic light     1e+04  2.69e+04     0.128     0.194    0.0901     0.154
        traffic sign     1e+04  3.49e+04    0.0842      0.28     0.127     0.129
                 car     1e+04  1.03e+05     0.215     0.552     0.411      0.31
              person     1e+04  1.33e+04     0.103     0.356     0.162      0.16
                 bus     1e+04   1.6e+03     0.172     0.427     0.306     0.245
               truck     1e+04  4.24e+03     0.147     0.451     0.282     0.222
               rider     1e+04       649     0.161     0.274     0.163     0.203
                bike     1e+04  1.01e+03    0.0676     0.369     0.141     0.114
               motor     1e+04       452     0.114     0.248    0.0853     0.156
               train     1e+04        15         0         0         0         0
       traffic light     1e+04  2.69e+04      0.13     0.193    0.0893     0.155
        traffic sign     1e+04  3.49e+04    0.0871     0.278     0.128     0.133
                 car     1e+04  1.03e+05     0.211     0.553     0.412     0.305
              person     1e+04  1.33e+04     0.107     0.357     0.168     0.164
                 bus     1e+04   1.6e+03      0.17     0.438     0.312     0.245
               truck     1e+04  4.24e+03     0.146     0.449     0.283      0.22
               rider     1e+04       649     0.163     0.268     0.165     0.203
                bike     1e+04  1.01e+03    0.0722     0.368     0.137     0.121
               motor     1e+04       452     0.129     0.259    0.0992     0.172
               train     1e+04        15         0         0         0         0
